545.0 17.117606402120142 2.1757596616129087 32.9365915928897 17.117606402120142 17.11887359788476
546.010101010101 17.355162309792835 2.2974912924784996 33.17268154458892 17.355162309792835 17.356434514048257
547.020202020202 17.5915684549395 2.4363322392508344 33.407601219810935 17.5915684549395 17.592845669698956
548.030303030303 17.826832307261267 2.5892049268471546 33.64135960456979 17.826832307261267 17.828114534948497
549.040404040404 18.060961359898442 2.753470675665573 33.87396560681601 18.060961359898442 18.062248603317595
550.0505050505051 18.293963122157084 2.926931596284648 34.10542805705325 18.293963122157084 18.295255384465285
551.060606060606 18.52584511295295 3.1077883920543945 34.335755708954025 18.52584511295295 18.52714239763519
552.070707070707 18.75661485489944 3.294581761576971 34.56495723998284 18.75661485489944 18.757917165745607
553.0808080808081 18.986279868971597 3.486132765958074 34.79304125202078 18.986279868971597 18.987587210055455
554.0909090909091 19.214847669690943 3.6814892225111637 35.02001627199469 19.214847669690943 19.216160045350858
555.10101010101 19.442325760780598 3.879880466307095 35.2458907525059 19.442325760780598 19.443643175601782
556.1111111111111 19.668721631233613 4.080680485269554 35.4706730724607 19.668721631233613 19.670044090031826
557.1212121212121 19.894042751771657 4.2833784615261425 35.69437153770153 19.894042751771657 19.895370259578215
558.1313131313132 20.11829657164008 4.4875554752652125 35.91699438163997 20.11829657164008 20.119629133688008
559.1414141414141 20.341490515717098 4.692866168270384 36.13854976588648 20.341490515717098 20.342828137428352
560.1515151515151 20.563631981905996 4.899024325729204 36.359045780882866 20.563631981905996 20.56497466887968
561.1616161616162 20.784728338778077 5.105791523060053 36.578490446529194 20.784728338778077 20.786076096779514
562.1717171717172 21.00478692345397 5.312968159480748 36.79689171281542 21.00478692345397 21.006139758404608
563.1818181818181 21.223815039689494 5.5203863481130355 37.01425746044472 21.223815039689494 21.225172957657524
564.1919191919192 21.44181995615874 5.727904251942234 37.23059550146038 21.44181995615874 21.443182963350427
565.2020202020202 21.65880890490899 5.935401548806499 37.445913579868126 21.65880890490899 21.6601770076606
566.2121212121212 21.874789079973 6.142775781277175 37.66021937225327 21.874789079973 21.87616228474327
567.2222222222222 22.08976763612906 6.349939403087401 37.87352048839928 22.08976763612906 22.09114594949225
568.2323232323232 22.303751687796044 6.556817376446786 38.085824471903166 22.303751687796044 22.30513511643542
569.2424242424242 22.516748308041446 6.763345207190075 38.29713880078416 22.516748308041446 22.518136858743233
570.2525252525253 22.72876452770882 6.9694673297009135 38.50747088809229 22.72876452770882 22.730158207356542
571.2626262626262 22.93980733464092 7.175135772668207 38.71682808251357 22.93980733464092 22.94120615021012
572.2727272727273 23.149883672994655 7.380309051467018 38.9252176689658 23.149883672994655 23.151287631547977
573.2828282828283 23.35900044264905 7.584951244354337 39.13264686920302 23.35900044264905 23.360409551331628
574.2929292929293 23.567164498678334 7.7890312184525134 39.33912284240009 23.567164498678334 23.568578764713436
575.3030303030303 23.774382650906265 7.992521978413772 39.54465268574614 23.774382650906265 23.775802081591312
576.3131313131313 23.98066166352246 8.195400116002133 39.74924343502814 23.98066166352246 23.982086266225203
577.3232323232323 24.186008254761376 8.397645343080292 39.95290206521383 24.186008254761376 24.18743803691634
578.3333333333334 24.39042909662546 8.599240093814982 40.15563549102179 24.39042909662546 24.391864065730616
579.3434343434343 24.593930814675375 8.800169184590203 40.357450567499 24.593930814675375 24.595370978289004
580.3535353535353 24.796519987855287 9.000419522208169 40.55835409058754 24.796519987855287 24.797965353593032
581.3636363636364 24.998203148362542 9.199979852656725 40.7583527976846 24.998203148362542 24.99965372389463
582.3737373737374 25.198986781558855 9.398840544100814 40.957453368204014 25.198986781558855 25.20044257460755
583.3838383838383 25.39887732591501 9.596993398831229 41.15566242412775 25.39887732591501 25.40033834425204
584.3939393939394 25.597881172993795 9.794431489825763 41.352986530558475 25.597881172993795 25.599347424438154
585.4040404040404 25.796004667455236 9.991149018268757 41.54943219626321 25.796004667455236 25.79747615987091
586.4141414141415 25.993254107095115 10.187141189008978 41.745005874210115 25.993254107095115 25.9947308483891
587.4242424242424 26.18963574291089 10.382404101396899 41.9397139621106 26.18963574291089 26.191117741031196
588.4343434343434 26.38515577918152 10.576934653354845 42.13356280294293 26.38515577918152 26.38664304211535
589.4444444444445 26.579820373585058 10.77073045687485 42.32655868548529 26.579820373585058 26.581312909357052
590.4545454545455 26.77363563731589 10.963789763388931 42.51870784482993 26.77363563731589 26.77513345398654
591.4646464646464 26.966607635240393 11.156111397727969 42.710016462906815 26.966607635240393 26.968110740904418
592.4747474747475 27.15874238605607 11.347694699535237 42.90049066899288 27.15874238605607 27.160250788840987
593.4848484848485 27.350045862469 11.538539471190166 43.090136540219405 27.350045862469 27.35155957053371
594.4949494949495 27.540523991384376 11.728645931422989 43.27896010207183 27.540523991384376 27.54204301291788
595.5050505050505 27.730182654117055 11.918014673922153 43.46696732889433 27.730182654117055 27.731706997337163
596.5151515151515 27.919027686602462 12.106646630319114 43.65416414437669 27.919027686602462 27.920557359754604
597.5252525252525 28.107064879628354 12.294543037036545 43.84055642204778 28.107064879628354 28.108599890984483
598.5353535353536 28.294299979068665 12.481705405535692 44.026149985756405 28.294299979068665 28.29584033692615
599.5454545454545 28.480738686130344 12.668135495579978 44.21095061015207 28.480738686130344 28.482284398810997
600.5555555555555 28.666386657608253 12.853835291163126 44.39496402115993 28.666386657608253 28.66793773345731
601.5656565656566 28.85124950614592 13.038806978803352 44.578195896450595 28.85124950614592 28.852805953531174
602.5757575757576 29.035332800500907 13.223052927946712 44.7606518659053 29.035332800500907 29.036894627811783
603.5858585858585 29.218642065821996 13.406575673244078 44.942337512077614 29.218642065821996 29.22020928146875
604.5959595959596 29.401182783927293 13.589377898506621 45.123258370650625 29.401182783927293 29.402755396340204
605.6060606060606 29.5829603935853 13.771462422152391 45.303419930886946 29.5829603935853 29.584538411213938
606.6161616161617 29.763980290807336 13.952832183999922 45.48282763607962 29.763980290807336 29.765563722119808
607.6262626262626 29.944247829134227 14.133490233259877 45.66148688399083 29.944247829134227 29.945836682616516
608.6363636363636 30.123768319936932 14.313439717615854 45.83940302729537 30.123768319936932 30.125362604092228
609.6464646464647 30.302547032709953 14.492683873264644 46.01658137401085 30.302547032709953 30.30414675605804
610.6565656565657 30.480589195373867 14.671226015846308 46.19302718793138 30.480589195373867 30.48219436645052
611.6666666666666 30.6578999945766 14.849069532154212 46.36874568904846 30.6578999945766 30.65951062193302
612.6767676767677 30.8344845760015 15.026217872570761 46.543742053979415 30.8344845760015 30.836100668203756
613.6868686868687 31.010348044669545 15.202674544138507 46.718021416377795 31.010348044669545 31.011969610298078
614.6969696969697 31.185495465245268 15.378443104223273 46.891588867347366 31.185495465245268 31.187122512894373
615.7070707070707 31.359931862350315 15.553527154711185 47.06444945585528 31.359931862350315 31.36156440062768
616.7171717171717 31.533662220869086 15.727930336684704 47.23660818913271 31.533662220869086 31.53530025839533
617.7272727272727 31.706691486257803 15.901656325536948 47.40807003307523 31.706691486257803 31.708335031666035
618.7373737373738 31.87902456485421 16.074708826488866 47.578839912640284 31.87902456485421 31.880673626789637
619.7474747474747 32.05066632418903 16.247091570471085 47.74892271224047 32.05066632418903 32.05232091130853
620.7575757575758 32.22162159329272 16.418808310333944 47.91832327612821 32.22162159329272 32.22328171426447
621.7676767676768 32.391895163007995 16.589862817368253 48.08704640878421 32.391895163007995 32.39356082651113
622.7777777777778 32.561491786295164 16.76025887809647 48.25509687529408 32.561491786295164 32.563163001019376
623.7878787878788 32.73041617854412 16.930000291325285 48.4224794017283 32.73041617854412 32.732092953189344
624.7979797979798 32.89867301787882 17.09909086542455 48.58919867551201 32.89867301787882 32.90035536115495
625.8080808080808 33.06626694546422 17.267534415823395 48.75525934579304 33.06626694546422 33.06795486609073
626.8181818181819 33.233202565813755 17.43533476270434 48.92066602380913 33.233202565813755 33.234896072519454
627.8282828282828 33.39948444709287 17.60249572887444 49.08542328324879 33.39948444709287 33.40118354861561
628.8383838383838 33.56511712142265 17.76902113780098 49.249535660606846 33.56511712142265 33.566821826509035
629.8484848484849 33.73010508517989 17.934914811804 49.41300765553795 33.73010508517989 33.73181540258503
630.8585858585859 33.89445279930353 18.10018057038885 49.57584373121108 33.89445279930353 33.89616873779074
631.8686868686868 34.05816468958605 18.2648222286998 49.7380483146483 34.05816468958605 34.05988625792667
632.8787878787879 34.2212451469765 18.428843596106287 49.899625797072055 34.2212451469765 34.22297235394965
633.8888888888889 34.383698527878245 18.592248474891342 50.06058053424678 34.383698527878245 34.385431382270575
634.89898989899 34.54552915443712 18.75504065904046 50.22091684680782 34.54552915443712 34.54726766504259
635.9090909090909 34.706741314841146 18.917223933130614 50.380639020599794 34.706741314841146 34.70848549046086
636.9191919191919 34.86733926360716 19.078802071303713 50.539751307001325 34.86733926360716 34.869089113049135
637.929292929293 35.02732722187177 19.239778836317072 50.6982579232518 35.02732722187177 35.02908275395074
638.939393939394 35.186709377678646 19.40015797867348 50.85616305277269 35.186709377678646 35.18847060121588
639.9494949494949 35.34548988626412 19.559943235820008 51.013470845486815 35.34548988626412 35.34725681008727
640.959595959596 35.50367287034293 19.71913833141052 51.17018541813397 35.50367287034293 35.50544550328582
641.969696969697 35.661262420385704 19.87774697462243 51.32631085457983 35.661262420385704 35.663040771288166
642.9797979797979 35.8182625949022 20.035772859537932 51.481851206128944 35.8182625949022 35.820046672609955
643.989898989899 35.9746774207185 20.193219664570645 51.636810491826964 35.9746774207185 35.976467234082975
645.0 36.130510893251184 20.350091051940584 51.791192698763375 36.130510893251184 36.13230645112935
